196068572	0
196264280	0
196459943	0
196655655	0
196851263	0
197047026	0
197233091	0
197430497	0
197626162	0
197821546	0
198016925	0
198212603	0
198408098	0
198603810	0
198794856	0
198990550	0
199181658	0
199377048	0
199568138	0
199750075	0
199945847	0
200136619	0
200332296	0
200527343	0
200722888	0
200918522	0
201114160	0
201310522	0
201505842	0
201701412	0
201896908	0
202088061	0
202282787	0
202478297	0
202674075	0
202869579	0
203060370	0
203255812	0
203441184	0
203636667	0
203827579	0
204022862	0
204218389	0
204409198	0
204604693	0
204799863	0
204991070	0
205181682	0
205379637	0
205575039	0
205770486	0
205965966	0
206161327	0
206356387	0
206551915	0
206742609	0
206937832	0
207133450	0
207324337	0
207506313	0
207701708	0
207892962	0
208088255	0
208268142	0
208463275	0
208658629	0
208849522	0
209040638	0
209236115	0
209423767	0
209619276	0
209805029	0
209996066	0
210191661	0
210387371	0
210583097	0
210778488	0
210974060	0
211169323	0
211364810	0
211560200	0
211755681	0
211951126	0
212146600	0
212342100	0
212537536	0
212733405	0
212928878	0
213124339	0
213321264	0
213516998	0
213712894	0
213908475	0
214104230	0
214295695	0
214491130	0
214682236	0
214876916	0
215072366	0
215267879	0
215463572	0
215654542	0
215845429	0
216031971	0
216227401	0
216422928	0
216618285	0
216813655	0
217008859	0
217204489	0
217400542	0
217595759	0
217791280	0
217986792	0
218182398	0
218378183	0
218573782	0
218769472	0
218964877	0
219160233	0
219355748	0
219551092	0
219742097	0
219937790	0
220124099	0
220314655	0
220510148	0
220705704	0
220901086	0
221095079	0
221292007	0
221486739	0
221682150	0
221877571	0
222073046	0
222259706	0
222454870	0
222650267	0
222845904	0
223041475	0
223236928	0
223432588	0
223615255	0
223810446	0
224005765	0
224201223	0
224396847	0
224592131	0
224787724	0
224981657	0
225172483	0
225365565	0
225557501	0
225752608	0
225932720	0
226128122	0
226323597	0
226519310	0
226710123	0
226905542	0
227100918	0
227296356	0
227487333	0
227683100	0
227878197	0
228073551	0
228269278	0
228464853	0
228658544	0
228854076	0
229049451	0
229245171	0
229441960	0
229637469	0
229833219	0
230028805	0
230224565	0
230419941	0
230615719	0
230811098	0
231006479	0
231201671	0
231397095	0
231592573	0
231788457	0
231975972	0
232168493	0
232364032	0
232559438	0
232754765	0
232950232	0
233145966	0
233334837	0
233525708	0
233716435	0
233911963	0
234107453	0
234302774	0
234498109	0
234693772	0
234889033	0
235084560	0
235279993	0
235470914	0
235666227	0
235862019	0
236057698	0
236253418	0
236448942	0
236643801	0
236839303	0
237034583	0
237229898	0
237426761	0
237608459	0
237803864	0
237999413	0
238185555	0
238381312	0
238576625	0
238772369	0
238967883	0
239163521	0
239354640	0
239550338	0
239737186	0
239928056	0
240123556	0
240318830	0
240509134	0
240704578	0
240900016	0
241084910	0
241280437	0
241477408	0
241672833	0
241868440	0
242059433	0
242245908	0
242441602	0
242636993	0
242832570	0
243023409	0
243218413	0
243414075	0
243609593	0
243805999	0
244001625	0
244197045	0
244392327	0
244587883	0
244783153	0
244978646	0
245174107	0
245370550	0
245566093	0
245761608	0
245957379	0
246143693	0
246332459	0
246527441	0
246723108	0
246905020	0
247100496	0
247291428	0
247487049	0
247682455	0
247873286	0
248068455	0
248263775	0
248458878	0
248645407	0
248841205	0
249036673	0
249232022	0
249428695	0
249624398	0
249820108	0
250012442	0
250207718	0
250403118	0
250598741	0
250772767	0
250968269	0
251163752	0
251359489	0
251555023	0
251745704	0
251940716	0
252136117	0
252331634	0
252527119	0
252713693	0
252908666	0
253099584	0
253288288	0
253491377	0
253685664	0
253876640	0
254072147	0
254263156	0
254458440	0
254649379	0
254829862	0
255025415	0
255220740	0
255405878	0
255601197	0
255796694	0
255992061	0
256187419	0
256382888	0
256578232	0
256773852	0
256969224	0
257164703	0
257361268	0
257556757	0
257752323	0
257947787	0
258143087	0
258338587	0
258533903	0
258719081	0
258914379	0
259105310	0
259296425	0
259491913	0
259665293	0
259860732	0
260056067	0
260251251	0
260441989	0
260637854	0
260833301	0
261028812	0
261224368	0
261420789	0
261607367	0
261803207	0
261991511	0
262182950	0
262378314	0
262573920	0
262769403	0
262964652	0
263160321	0
263346071	0
263541832	0
263737293	0
263932703	0
264128241	0
264323629	0
264519144	0
264714444	0
264909923	0
265104576	0
265301701	0
265497291	0
265692703	0
265888182	0
266083967	0
266271219	0
266462279	0
266653433	0
266849149	0
267043991	0
267239828	0
267435335	0
267626433	0
267817340	0
268012945	0
268208750	0
268404226	0
268599988	0
268795445	0
268990807	0
269186588	0
269381655	0
269577065	0
269772429	0
269967556	0
270162930	0
270358681	0
270549464	0
270744995	0
270936170	0
271113705	0
271309129	0
271504404	0
271700128	0
271895040	0
272090480	0
272285939	0
272477100	0
272672607	0
272867994	0
273063363	0
273254177	0
273441732	0
273637161	0
273827530	0
274018669	0
274209830	0
363268265	0
363459237	0
363650252	0
363845632	0
364040776	0
364236334	0
364431471	0
364626799	0
364822426	0
365017757	0
365213202	0
365410496	0
365606133	0
365801788	0
365997481	0
366188481	0
366374463	0
366570119	0
366756099	0
366947153	0
367142834	0
367329412	0
367518796	0
367705425	0
367901059	0
368096883	0
368287655	0
368478745	0
368669926	0
368860945	0
369052118	0
369247580	0
369444501	0
369635568	0
369831060	0
370026453	0
370221855	0
370417100	0
370607915	0
370803334	0
370995249	0
371190183	0
371385647	0
371580979	0
371776404	0
371962760	0
372158291	0
372344917	0
372540056	0
372735380	0
372930986	0
373126742	0
373319024	0
373514106	0
373704920	0
373900640	0
374096018	0
374291719	0
374487281	0
374682835	0
374868690	0
375064419	0
375259789	0
375446327	0
375631933	0
375822576	0
376018120	0
376213189	0
376408595	0
376604183	0
376798619	0
376989481	0
377185267	0
377381966	0
377577634	0
377768678	0
377964297	0
378146073	0
378341726	0
378537437	0
378727766	0
378923230	0
379109749	0
379305449	0
379491906	0
379687636	0
379883025	0
380078674	0
380267498	0
380462971	0
380653772	0
380849068	0
381044649	0
381236962	0
381433747	0
381624783	0
381820365	0
382016120	0
382204228	0
382390095	0
382585608	0
382781055	0
382976369	0
383171929	0
383367130	0
383562500	0
383758358	0
383953425	0
384148914	0
384344378	0
384539991	0
384724597	0
384920045	0
385106518	0
385302970	0
385493768	0
385689263	0
385884690	0
386080249	0
386275738	0
386471202	0
386666620	0
386857591	0
387049923	0
387245400	0
387441145	0
387636334	0
387827133	0
388022509	0
388217647	0
388413017	0
388608482	0
388799283	0
388995007	0
389190695	0
389387342	0
389582693	0
389777742	0
389973288	0
390169045	0
390364535	0
390560259	0
390756004	0
390951448	0
391146882	0
391342572	0
391538336	0
391729688	0
391920353	0
392111435	0
392302045	0
392497597	0
392692945	0
392888335	0
393083709	0
393279222	0
393476201	0
393671710	0
393867163	0
394062854	0
394253569	0
394449146	0
394644566	0
394839915	0
395035349	0
395221955	0
395417628	0
395612842	0
395808379	0
396003767	0
396199190	0
396390430	0
396580868	0
396770783	0
396961653	0
397152458	0
397349424	0
397540220	0
397735484	0
397930980	0
398126760	0
398322369	0
398507809	0
398703285	0
398894498	0
399080269	0
399276174	0
399462762	0
399658218	0
399853732	0
400045642	0
400238925	0
400434231	0
400629647	0
400820744	0
401016263	0
401202739	0
401399570	0
401595160	0
401790599	0
401976060	0
402171700	0
402363530	0
402559171	0
402754904	0
402950302	0
403145634	0
403337051	0
403532462	0
403728061	0
403923637	0
404119261	0
404305873	0
404501137	0
404692321	0
404887708	0
405083109	0
405278655	0
405470788	0
405661838	0
405857297	0
406048463	0
406239234	0
406430268	0
406621033	0
406815843	0
407001289	0
407197067	0
407392675	0
407587883	0
407783624	0
407978934	0
408174718	0
408369938	0
408565294	0
408760781	0
408956421	0
409151909	0
409348896	0
409544336	0
409735264	0
409931106	0
410117333	0
410312847	0
410508121	0
410703215	0
410898829	0
411094094	0
411279023	0
411474397	0
411660854	0
411856423	0
412051955	0
412247465	0
412442897	0
412638420	0
412834176	0
413029398	0
413224797	0
413421516	0
413616830	0
413812203	0
414007666	0
414203423	0
414399262	0
414594957	0
414790429	0
414986025	0
415181399	0
415367030	0
415562458	0
415758253	0
415953283	0
416148786	0
416344310	0
416539891	0
416731335	0
416926690	0
417122190	0
417319327	0
417514876	0
417710567	0
417901491	0
418096836	0
418291827	0
418487332	0
418680226	0
418875563	0
419071360	0
419257964	0
419448947	0
419644708	0
419821678	0
420012774	0
420205635	0
420400785	0
420596321	0
420792111	0
420987543	0
421183068	0
421380693	0
421558067	0
421753467	0
421948829	0
422144368	0
422336217	0
422531691	0
422727083	0
422922775	0
423118250	0
423313678	0
423509210	0
423704630	0
423899944	0
424095619	0
424290412	0
424485983	0
424681144	0
424876570	0
425063056	0
425258592	0
425452329	0
425634216	0
425829662	0
426020571	0
426216354	0
426411664	0
426607029	0
426802899	0
426998266	0
427193806	0
427389570	0
427585246	0
427767099	0
427962625	0
428155897	0
428351374	0
428542172	0
428737919	0
428933133	0
429128597	0
429325427	0
429521170	0
429707724	0
429903462	0
430094365	0
430280976	0
430476518	0
430662772	0
430858325	0
431053953	0
431249024	0
431444398	0
431636350	0
431831628	0
432018098	0
432213517	0
432409295	0
432604706	0
432800239	0
432995809	0
433187283	0
433383794	0
433579465	0
433775130	0
433970885	0
434166061	0
434361368	0
434552695	0
434748017	0
434943371	0
435138641	0
435333874	0
435524265	0
435715625	0
435911345	0
436107106	0
436302783	0
436497983	0
436693203	0
436888573	0
437083791	0
437278995	0
437463286	0
437654364	0
437850118	0
438045865	0
438236684	0
438428088	0
438623691	0
438819319	0
439010346	0
439205789	0
439401427	0
439597031	0
439792562	0
439983655	0
440179360	0
440375035	0
440570759	0
440766232	0
440961724	0
441157312	0
441354636	0
441541146	0
441728904	0
441924118	0
442119186	0
442310280	0
442506061	0
442697166	0
442892883	0
443088434	0
443279479	0
443475106	0
443670801	0
443866466	0
444062097	0
444256868	0
444452343	0
444643389	0
444839057	0
445034643	0
445225763	0
445417632	0
445613332	0
445804432	0
446000056	0
446195758	0
446387887	0
446583477	0
446778759	0
446974169	0
447169939	0
447365460	0
447556494	0
447752306	0
447947566	0
448143285	0
448338948	0
448534707	0
448723319	0
448919091	0
449105431	0
449302322	0
449492944	0
449688234	0
449883785	0
450074967	0
450270548	0
450462714	0
450658331	0
450853939	0
451049494	0
451245140	0
451436042	0
451622677	0
451813905	0
452004944	0
452200575	0
452396027	0
452587161	0
452782913	0
452978382	0
453169222	0
453357174	0
453552627	0
453738261	0
453929460	0
454125119	0
454316187	0
454507269	0
454702968	0
454898636	0
455094272	0
455289966	0
455485766	0
455681460	0
455877141	0
456068133	0
456263809	0
456454967	0
456650567	0
456846289	0
457042062	0
457237831	0
457434505	0
457629992	0
457825602	0
458021263	0
458216972	0
458408018	0
458603679	0
458799290	0
458995012	0
459186128	0
459381645	0
459572690	0
459754516	0
459950150	0
460145826	0
460341211	0
460536931	0
460732569	0
460928226	0
461123611	0
461320427	0
461516196	0
461711611	0
461906512	0
462097534	0
462289545	0
462480428	0
462675825	0
462871314	0
463066396	0
463257584	0
463453062	0
463648566	0
463844093	0
464039625	0
464230612	0
464421565	0
464616674	0
464812098	0
465007188	0
465201279	0
465393321	0
465588678	0
465784109	0
465975305	0
466170712	0
466366339	0
466561485	0
466756996	0
466952415	0
467143329	0
467338833	0
467529754	0
467716611	0
467912375	0
468108053	0
468303682	0
468499230	0
468695005	0
468890495	0
469081557	0
469277205	0
469470640	0
469666162	0
469857267	0
470052612	0
470247950	0
470443666	0
470639528	0
470830386	0
471026178	0
471217732	0
471413206	0
471604032	0
471795107	0
471990466	0
472185734	0
472376606	0
472567707	0
472758729	0
472954447	0
473140814	0
473334369	0
473520904	0
473715537	0
473906548	0
474102354	0
474298074	0
474493632	0
474689272	0
474885101	0
475076549	0
475267683	0
475463338	0
475659173	0
475850402	0
476046063	0
476237182	0
476433008	0
476628525	0
476823925	0
477010458	0
477205609	0
477400641	0
477596447	0
477781771	0
477976672	0
478171559	0
478366881	0
478557998	0
817033	1
1518356	1
2185738	1
2815416	1
3430537	1
3901219	1
4096356	1
4286741	1
4482287	1
4668786	1
4863982	1
5059005	1
5254243	1
5451486	1
5638564	1
5829591	1
6019027	1
6208145	1
6403696	1
6599418	1
6795168	1
6990926	1
7182084	1
7372707	1
7568500	1
7764285	1
7959796	1
8155511	1
8351217	1
8546929	1
8738627	1
8929843	1
9125145	1
9317144	1
9512398	1
9716011	1
9979447	1
10191430	1
10400547	1
10611518	1
10807379	1
11003042	1
11198693	1
11389574	1
11579425	1
11770395	1
11965966	1
12157744	1
12353197	1
12548973	1
12741150	1
12930584	1
13124503	1
13324946	1
13520679	1
13713268	1
13909010	1
14099866	1
14295298	1
14490633	1
14686176	1
14877075	1
15072370	1
15268184	1
15463720	1
15659370	1
15862116	1
16057793	1
16248831	1
16439895	1
16635691	1
16831414	1
17027122	1
17222802	1
17447407	1
17642792	1
17838189	1
18033953	1
18229611	1
18425241	1
18620936	1
18816722	1
19007556	1
19203361	1
19398836	1
19594561	1
19786707	1
19982328	1
20177698	1
20368641	1
20564292	1
20760017	1
20955607	1
21138178	1
21327618	1
21523376	1
21718861	1
21909909	1
22100565	1
22296315	1
22491489	1
22687146	1
22882946	1
23081148	1
23276595	1
23472331	1
23668051	1
23863421	1
24038590	1
24234352	1
24422690	1
24617671	1
24809400	1
25005096	1
25197366	1
25395153	1
25587098	1
25782320	1
25973537	1
26163272	1
26345026	1
26525927	1
26723568	1
26957261	1
27165642	1
27353856	1
27550832	1
27751686	1
27958474	1
28154426	1
28351016	1
28546746	1
28738399	1
28934092	1
29125175	1
29327356	1
29523075	1
29717660	1
29913481	1
30104693	1
30300154	1
30490969	1
30686685	1
30877110	1
31065892	1
31257000	1
31448968	1
31644689	1
31839981	1
32035499	1
32231000	1
32426481	1
32621542	1
32817273	1
33003028	1
33198592	1
33401288	1
33615695	1
33811299	1
34007078	1
34202876	1
34398650	1
34594456	1
34789919	1
34985686	1
35179709	1
35375458	1
35555865	1
35748074	1
35943821	1
36139648	1
36315491	1
36497390	1
36693132	1
36888878	1
37084809	1
37280401	1
37482369	1
37678222	1
37873979	1
38069611	1
38260931	1
38456780	1
38649090	1
38844779	1
39036110	1
39231876	1
39427393	1
39623146	1
39822435	1
40012921	1
40208507	1
40403987	1
40599703	1
40795560	1
40991268	1
41182523	1
41380439	1
41576021	1
41771742	1
41967464	1
42159368	1
42354768	1
42545969	1
42740562	1
42922387	1
43104874	1
43310364	1
43512114	1
43735048	1
43934124	1
44129885	1
44325518	1
44521200	1
44716957	1
44912530	1
45108311	1
45306775	1
45486411	1
45653387	1
45813367	1
45973436	1
46133548	1
46290178	1
46446810	1
46607904	1
46763431	1
46918957	1
47080051	1
47236681	1
47393311	1
47553296	1
47714377	1
47874358	1
48033246	1
48192087	1
48346508	1
48503427	1
48667984	1
48823510	1
48980142	1
49141238	1
49313938	1
49509132	1
49695739	1
49891535	1
50086711	1
50282509	1
50473588	1
50641890	1
50814811	1
50983308	1
51179104	1
51347577	1
51516073	1
51689001	1
51861949	1
52034990	1
52224460	1
52415503	1
52611263	1
52802234	1
52997895	1
53193546	1
53386996	1
53582392	1
53777977	1
53973686	1
54165642	1
54361402	1
54561857	1
54757588	1
54953528	1
55145977	1
55335581	1
55531248	1
55719406	1
55914385	1
56110097	1
56304702	1
56496784	1
56678833	1
56867300	1
57058507	1
57254184	1
57451953	1
57647561	1
57843082	1
58038624	1
58229382	1
58424844	1
58620284	1
58811088	1
59006572	1
59202193	1
59397805	1
59593221	1
59788047	1
59979919	1
60175720	1
60366541	1
60562042	1
60757517	1
60948724	1
61144315	1
61336820	1
61527442	1
61723217	1
61918886	1
62114550	1
62310268	1
62501307	1
62696602	1
62892327	1
63087941	1
63283759	1
63479417	1
63675110	1
63870679	1
64066549	1
64262338	1
64448675	1
64643666	1
64839509	1
65035261	1
65230934	1
65423375	1
65619044	1
65806542	1
65998334	1
66184898	1
66375555	1
66566655	1
66757720	1
66953352	1
67149018	1
67344877	1
67540446	1
67736071	1
67931656	1
68114573	1
68309753	1
68496485	1
68687525	1
68883252	1
69078783	1
69274472	1
69475349	1
69671158	1
69866690	1
70061690	1
70252818	1
70448525	1
70639500	1
70835035	1
71025991	1
71221495	1
71408006	1
71603813	1
71789178	1
71984717	1
72180274	1
72376078	1
72571777	1
72767487	1
72958261	1
73153534	1
73350560	1
73545928	1
73741504	1
73932580	1
74128160	1
74323866	1
74519568	1
74715365	1
74910568	1
75106444	1
75297471	1
75493133	1
75688915	1
75884527	1
76079811	1
76275483	1
76471161	1
76666951	1
76862622	1
77058231	1
77253977	1
77447379	1
77643111	1
77833858	1
78025683	1
78220232	1
78416066	1
78611742	1
78807577	1
79003414	1
79197831	1
79390998	1
79586739	1
79782537	1
79968967	1
80159452	1
80350575	1
80546264	1
80737133	1
80932660	1
81128465	1
81321293	1
81517191	1
81712444	1
81899149	1
82093898	1
82280520	1
82476179	1
82671815	1
82867505	1
83058584	1
83249755	1
83445439	1
83641280	1
83836494	1
84032077	1
84224292	1
84420134	1
84615844	1
84811669	1
85007406	1
85203295	1
85395678	1
85591541	1
85786942	1
85982566	1
86174918	1
86370399	1
86565827	1
86761072	1
86956465	1
87151845	1
87347377	1
87543053	1
87738635	1
87934147	1
88129876	1
88321938	1
88512958	1
88703299	1
88894525	1
89090306	1
89285732	1
89482852	1
89678684	1
89874296	1
90069661	1
90260589	1
90455986	1
90647237	1
90843078	1
91038795	1
91234298	1
91429521	1
91625166	1
91811058	1
92002102	1
92193343	1
92389020	1
92583573	1
92779358	1
92975140	1
93166285	1
93360117	1
93550528	1
93746276	1
93941924	1
94137670	1
94333086	1
94528815	1
94710248	1
94905899	1
95101455	1
95297281	1
95492946	1
95688670	1
95884397	1
96079810	1
96275464	1
96471201	1
96666299	1
96861516	1
97048165	1
97239348	1
97440472	1
97636113	1
97831862	1
98022794	1
98218109	1
98412401	1
98596332	1
98787001	1
98975403	1
99164162	1
99360017	1
99555875	1
99751753	1
99944539	1
100137177	1
100332709	1
100528567	1
100714399	1
100910050	1
101112426	1
101309380	1
101500439	1
101695685	1
101886775	1
102082085	1
102266756	1
102462005	1
102652962	1
102844576	1
103035383	1
103230472	1
103425397	1
103620982	1
103815823	1
104011309	1
104210091	1
104405350	1
104600728	1
104796649	1
104992523	1
105188258	1
105385652	1
105581396	1
105767686	1
105963468	1
106145623	1
106340999	1
106535994	1
106731591	1
106926396	1
107121897	1
107312290	1
107507484	1
107698630	1
107893625	1
108089072	1
108282205	1
108477586	1
108672473	1
108868253	1
109053352	1
109248405	1
109444782	1
109640156	1
109835486	1
110030966	1
110226643	1
110421820	1
110617242	1
110812044	1
111007825	1
111194028	1
111389470	1
111580045	1
111775220	1
111970685	1
112165585	1
112351699	1
112547058	1
112741879	1
112937237	1
113132063	1
113328983	1
113524933	1
113720191	1
113915352	1
114110154	1
114305200	1
114496098	1
114691470	1
114887182	1
115074842	1
115265702	1
115456887	1
115647796	1
115843192	1
116038655	1
116233425	1
116428820	1
116623706	1
116818830	1
117009852	1
117198333	1
117395441	1
117591163	1
117786696	1
117982499	1
118177464	1
118373176	1
118568709	1
118763561	1
118949934	1
119145140	1
119336161	1
119531593	1
119727291	1
119922903	1
120118532	1
120305084	1
120500670	1
120696306	1
120891942	1
121087545	1
121283372	1
121479939	1
121675444	1
121866322	1
122061860	1
122252871	1
122448606	1
122644226	1
122839949	1
123026528	1
123222330	1
123412861	1
123608578	1
123804217	1
123999021	1
124194882	1
124390493	1
124586089	1
124781851	1
124977327	1
125172983	1
125370025	1
125557224	1
125745442	1
125941034	1
126136696	1
126327920	1
126523629	1
126719306	1
126906270	1
127101997	1
127297914	1
127493579	1
127684979	1
127880627	1
128071734	1
128263023	1
128458682	1
128649956	1
128831910	1
129022940	1
129218687	1
129411327	1
129606884	1
129802265	1
129997184	1
130191451	1
130381987	1
130577360	1
130763892	1
130958850	1
131154707	1
131340761	1
131536021	1
131727030	1
131908044	1
132103848	1
132299522	1
132494236	1
132689901	1
132885638	1
133077614	1
133268663	1
133461236	1
133644800	1
133840129	1
134030775	1
134226188	1
134421710	1
134613837	1
134804791	1
135000236	1
135195466	1
135390443	1
135585993	1
135772274	1
135963100	1
136158370	1
136347637	1
136543407	1
136738721	1
136933813	1
137129241	1
137327492	1
137522336	1
137717883	1
137912595	1
138104355	1
138298862	1
138477339	1
138672779	1
138863812	1
139059265	1
139254907	1
139441143	1
139636848	1
139832709	1
140028341	1
140219519	1
140415199	1
140606341	1
140797474	1
140988769	1
141180852	1
141372870	1
141568262	1
141763552	1
141958731	1
142154314	1
142345882	1
142541375	1
142736918	1
142932244	1
143127186	1
143317852	1
143513486	1
143709176	1
143904973	1
144096019	1
144291604	1
144486997	1
144681986	1
144873071	1
145068803	1
145264591	1
145461465	1
145656410	1
145851791	1
146046605	1
146236782	1
146427730	1
146622559	1
146814433	1
147000784	1
147191854	1
147387022	1
147578310	1
147765013	1
147955929	1
148151647	1
148338336	1
148524742	1
148720574	1
148916194	1
149107340	1
149304559	1
149500209	1
149694354	1
149883957	1
150075009	1
150270053	1
150460940	1
150656376	1
150847461	1
151042685	1
151234144	1
151429907	1
151625706	1
151816643	1
152008882	1
152199958	1
152395612	1
152591020	1
152786727	1
152977835	1
153173566	1
153370447	1
153565566	1
153761952	1
153957679	1
154148792	1
154339937	1
154535609	1
154722046	1
154917664	1
155113350	1
155309137	1
155504881	1
155700595	1
155891586	1
156086818	1
156282438	1
156473396	1
156664594	1
156860232	1
157051335	1
157242405	1
157439114	1
157634123	1
157829824	1
158024534	1
158219943	1
158415019	1
158610463	1
158801271	1
158992826	1
159177997	1
159373580	1
159569138	1
159764912	1
159960478	1
160156150	1
160347590	1
160543328	1
160738460	1
160934193	1
161129960	1
161318374	1
161513854	1
161705037	1
161896460	1
162092225	1
162287988	1
162483601	1
162679319	1
162875045	1
163070589	1
163266238	1
163457219	1
163652841	1
163844091	1
164039819	1
164235533	1
164431194	1
164622295	1
164817936	1
165008990	1
165204551	1
165397574	1
165588645	1
165784296	1
165980046	1
166175692	1
166366693	1
166562455	1
166748389	1
166939112	1
167130953	1
167326768	1
167522040	1
167717662	1
167913579	1
168104381	1
168299969	1
168486608	1
168682358	1
168877793	1
169073525	1
169264698	1
169457212	1
169652886	1
169848623	1
170034899	1
170226144	1
170416424	1
170612199	1
170807060	1
171002728	1
171198404	1
171394188	1
171580901	1
171776649	1
171967494	1
172163183	1
172358887	1
172550209	1
172741299	1
172932373	1
173123572	1
173313416	1
173508931	1
173703561	1
173894621	1
174085388	1
174280960	1
174466838	1
174657523	1
174853212	1
175049097	1
175244755	1
175440468	1
175636040	1
175826715	1
176022265	1
176217882	1
176409039	1
176595456	1
176786265	1
176972922	1
177163678	1
177360043	1
177550931	1
177741205	1
177935993	1
178131429	1
178327008	1
178522442	1
178712831	1
178907624	1
179103107	1
179298596	1
179484172	1
179675298	1
179870938	1
180066578	1
180262258	1
180457936	1
180653814	1
180849270	1
181044933	1
181236996	1
181433523	1
181624230	1
181819104	1
182010182	1
182201258	1
182392268	1
182588063	1
182780098	1
182975753	1
183170986	1
183366610	1
183557531	1
183753109	1
183948547	1
184139631	1
184334652	1
184524946	1
184719910	1
184915564	1
185101455	1
185298792	1
185494164	1
185689809	1
185885626	1
186081153	1
186276813	1
186471515	1
186662588	1
186858110	1
187045725	1
187239850	1
187426241	1
187621858	1
187817593	1
188013231	1
188208646	1
188404223	1
188595309	1
188790947	1
188981844	1
189172740	1
189370009	1
189555949	1
189751724	1
189942617	1
190138014	1
190333259	1
190528092	1
190723245	1
190913914	1
191104174	1
191299880	1
191494446	1
191689794	1
191885061	1
192080499	1
192271574	1
192462944	1
192650984	1
192842043	1
193033250	1
193229003	1
193425546	1
193616851	1
193812251	1
194007672	1
194202976	1
194398447	1
194594281	1
194786143	1
194981570	1
195172403	1
195367801	1
195563172	1
195758111	1
274400977	2
274596308	2
274792039	2
274987556	2
275183169	2
275374293	2
275565100	2
275751364	2
275937890	2
276133438	2
276329204	2
276520275	2
276715954	2
276911466	2
277106936	2
277298186	2
277493743	2
277684145	2
277874788	2
278070499	2
278260322	2
278455937	2
278651516	2
278842628	2
279038193	2
279233755	2
279424887	2
279615528	2
279811096	2
279999736	2
280195318	2
280390842	2
280582908	2
280778266	2
280973869	2
281160121	2
281357327	2
281552770	2
281752896	2
281943770	2
282134890	2
282330493	2
282525296	2
282716619	2
282912225	2
283105865	2
283301479	2
283493490	2
283689127	2
283884806	2
284080377	2
284265877	2
284461859	2
284657549	2
284848131	2
285034573	2
285223121	2
285419636	2
285610716	2
285806391	2
285997219	2
286176833	2
286372475	2
286568165	2
286759040	2
286954702	2
287141170	2
287336774	2
287532327	2
287728079	2
287923721	2
288114477	2
288309803	2
288500119	2
288691332	2
288887041	2
289082723	2
289278401	2
289475226	2
289670698	2
289866335	2
290061959	2
290257172	2
290452588	2
290647903	2
290843483	2
291028536	2
291224247	2
291419771	2
291615319	2
291810940	2
292002263	2
292193642	2
292389359	2
292584905	2
292780568	2
292976290	2
293171883	2
293368951	2
293563991	2
293759591	2
293948315	2
294139464	2
294335094	2
294530839	2
294726485	2
294922092	2
295117809	2
295303992	2
295499677	2
295686199	2
295882027	2
296068613	2
296263361	2
296458759	2
296647288	2
296842619	2
297038261	2
297233923	2
297429806	2
297624612	2
297820197	2
298015353	2
298210571	2
298406289	2
298601568	2
298796788	2
298992286	2
299187810	2
299374223	2
299566114	2
299761807	2
299948144	2
300143730	2
300339060	2
300534667	2
300730351	2
300925859	2
301116613	2
301309013	2
301504448	2
301700075	2
301895663	2
302091369	2
302286720	2
302482250	2
302677947	2
302873584	2
303068678	2
303264302	2
303459984	2
303655764	2
303851305	2
304046541	2
304242129	2
304437680	2
304633438	2
304812993	2
305004259	2
305200046	2
305396632	2
305591776	2
305786875	2
305982482	2
306178004	2
306373115	2
306563854	2
306759285	2
306950202	2
307141620	2
307337131	2
307532358	2
307727754	2
307922892	2
308118542	2
308314196	2
308504523	2
308699602	2
308894970	2
309090243	2
309285505	2
309481889	2
309677436	2
309873113	2
310069002	2
310264585	2
310445776	2
310633064	2
310828657	2
311019484	2
311200867	2
311392107	2
311587875	2
311783475	2
311979137	2
312174767	2
312370385	2
312562405	2
312753350	2
312948881	2
313140029	2
313336976	2
313527880	2
313713899	2
313909304	2
314104944	2
314300548	2
314496093	2
314691692	2
314887067	2
315082707	2
315278389	2
315474022	2
315669835	2
315865544	2
316060691	2
316251112	2
316446713	2
316642272	2
316837939	2
317033564	2
317229126	2
317421208	2
317616874	2
317812359	2
318007792	2
318203072	2
318394140	2
318585043	2
318776810	2
318963037	2
319154061	2
319349719	2
319545171	2
319740283	2
319931307	2
320126985	2
320313350	2
320504352	2
320695401	2
320890989	2
321086546	2
321277636	2
321470436	2
321666071	2
321861505	2
322052285	2
322241918	2
322436685	2
322627341	2
322822674	2
323009304	2
323204733	2
323395436	2
323591250	2
323782283	2
323977948	2
324165366	2
324357583	2
324553201	2
324739526	2
324930658	2
325121528	2
325318473	2
325513899	2
325709542	2
325904834	2
326099774	2
326295496	2
326490429	2
326686207	2
326877278	2
327072409	2
327261071	2
327445188	2
327640806	2
327831400	2
328021045	2
328216547	2
328412203	2
328607812	2
328798466	2
328985073	2
329180441	2
329377859	2
329573225	2
329768625	2
329963990	2
330155372	2
330345707	2
330536605	2
330722763	2
330918138	2
331113134	2
331300094	2
331491069	2
331683408	2
331878842	2
332058099	2
332248483	2
332443965	2
332637594	2
332833354	2
333024472	2
333215905	2
333408264	2
333603759	2
333792025	2
333985088	2
334175898	2
334361685	2
334556927	2
334747448	2
334937710	2
335128442	2
335311870	2
335497758	2
335692500	2
335888310	2
336083586	2
336279009	2
336474301	2
336660394	2
336850846	2
337045726	2
337236766	2
337426431	2
337621382	2
337816751	2
338012205	2
338202871	2
338393386	2
338583698	2
338779282	2
338974580	2
339165178	2
339356452	2
339547086	2
339737875	2
339933412	2
340124236	2
340312963	2
340499830	2
340690306	2
340878665	2
341074016	2
341269619	2
341460927	2
341651527	2
341842435	2
342038010	2
342233559	2
342427782	2
342618885	2
342814518	2
342994212	2
343189811	2
343385535	2
343571702	2
343767413	2
343963029	2
344149583	2
344344658	2
344540204	2
344735897	2
344931704	2
345121678	2
345319267	2
345514658	2
345710128	2
345901173	2
346096763	2
346292314	2
346487935	2
346683496	2
346874605	2
347070266	2
347265901	2
347451557	2
347647358	2
347839540	2
348035142	2
348230691	2
348426288	2
348621874	2
348801771	2
348997410	2
349193095	2
349390284	2
349585954	2
349781485	2
349973717	2
350169365	2
350351188	2
350546656	2
350742167	2
350937875	2
351133445	2
351329114	2
351524780	2
351704440	2
351900069	2
352095690	2
352291354	2
352486996	2
352682589	2
352878260	2
353073682	2
353247351	2
353444039	2
353638848	2
353834207	2
354029523	2
354224245	2
354419653	2
354615211	2
354801272	2
354991602	2
355179996	2
355371130	2
355561165	2
355756504	2
355947116	2
356138199	2
356328072	2
356517903	2
356708779	2
356904366	2
357099940	2
357296438	2
357491831	2
357687367	2
357878171	2
358073967	2
358269620	2
358454196	2
358640867	2
358831794	2
359027321	2
359213866	2
359405226	2
359600882	2
359796165	2
359991798	2
360187086	2
360382426	2
360562154	2
360753170	2
360948790	2
361139879	2
361336809	2
361532103	2
361724452	2
361920036	2
362115590	2
362306681	2
362502195	2
362681925	2
362877596	2
363073287	2
478782995	2
478978763	2
479174250	2
479369707	2
479565060	2
479760678	2
479956220	2
480151744	2
480347275	2
480542936	2
480738545	2
480934065	2
481129600	2
481326511	2
481522198	2
481717829	2
481913493	2
482109262	2
482305049	2
482500760	2
482692770	2
482884818	2
483076833	2
483268839	2
483464430	2
483660079	2
483851218	2
484043266	2
484235274	2
484430875	2
484622908	2
484814946	2
485006957	2
485202608	2
485403293	2
485598963	2
485794630	2
485990353	2
486186067	2
486381830	2
486577489	2
486773150	2
486968871	2
487164544	2
487360253	2
487555889	2
487751553	2
487947264	2
488142889	2
488338575	2
488534274	2
488729930	2
488925665	2
489121350	2
489313885	2
489509653	2
489705418	2
489901056	2
490096902	2
490292574	2
490488393	2
490684132	2
490879916	2
491075715	2
491271603	2
491467193	2
491662384	2
491835201	2
492030908	2
492194269	2
492390181	2
492585892	2
492781625	2
492977276	2
493168521	2
493365742	2
493547660	2
493729756	2
493912042	2
494089628	2
494267163	2
494449231	2
494626675	2
494808838	2
494991008	2
495173172	2
495346094	2
495523688	2
495692112	2
495869629	2
496057094	2
496234697	2
496407808	2
496585345	2
496762923	2
496944981	2
497122494	2
497305705	2
497492341	2
497665277	2
497842781	2
498015743	2
498193348	2
498371016	2
498543972	2
498712396	2
498885411	2
499058411	2
499226847	2
499399856	2
499572869	2
499745869	2
499914305	2
500087316	2
500264909	2
500437900	2
500610927	2
500788499	2
500966080	2
501139217	2
501318051	2
501513833	2
501709547	2
501905157	2
502100861	2
502296527	2
502492270	2
502687911	2
502883593	2
503079323	2
503275066	2
503470778	2
503666504	2
503862262	2
504057969	2
504253640	2
504449408	2
504645162	2
504840795	2
505036548	2
505232283	2
505429186	2
505597340	2
505792329	2
505987133	2
506181296	2
506376270	2
506570797	2
506765255	2
506959641	2
507154103	2
507348626	2
507543435	2
507738505	2
507933017	2
508127809	2
508322069	2
508516872	2
508711114	2
508905901	2
509100975	2
509297046	2
509492878	2
509688699	2
509857137	2
510039293	2
510212234	2
510385220	2
510567307	2
510744821	2
510918406	2
511091326	2
511265031	2
511434014	2
511603021	2
511785097	2
511963252	2
512136835	2
512314333	2
512483350	2
512652335	2
512825285	2
513003421	2
513181577	2
513358551	2
513549761	2
513740923	2
513936577	2
514132116	2
514327875	2
514518965	2
514714570	2
514910277	2
515106042	2
515301827	2
515497421	2
515693173	2
515888905	2
516080041	2
516275747	2
516471526	2
516667222	2
516862936	2
517058640	2
517254424	2
517451124	2
517610077	2
517796625	2
517974200	2
518147208	2
518324734	2
518502308	2
518675339	2
518852843	2
519034918	2
519207863	2
519380783	2
519558292	2
519745032	2
519918166	2
520095442	2
520271209	2
520444210	2
520612658	2
520790237	2
520972391	2
521154555	2
521334421	2
521529590	2
521725408	2
521921234	2
522117197	2
522313075	2
522508961	2
522704847	2
522900835	2
523096714	2
523292615	2
523488482	2
523684283	2
523880171	2
524076072	2
524271885	2
524467757	2
524663650	2
524859471	2
525055284	2
525251161	2
525443512	2
525607089	2
525776255	2
525939570	2
526102952	2
526265224	2
526429823	2
526592181	2
526754447	2
526915615	2
527076784	2
527237943	2
527400199	2
527560251	2
527721396	2
527882562	2
528043733	2
528203793	2
528368403	2
528528455	2
528688510	2
528848569	2
529013206	2
529172163	2
529345144	2
529541092	2
529737013	2
529932912	2
530128772	2
530324696	2
530520630	2
530716443	2
530889517	2
531071672	2
531249108	2
531422041	2
531604125	2
531786278	2
531963696	2
532141335	2
532314246	2
532491845	2
532669358	2
532846847	2
533019714	2
533201799	2
533385237	2
533579668	2
533774179	2
533948063	2
534110323	2
534270312	2
534431461	2
534593688	2
534754819	2
534916073	2
535078312	2
535240542	2
535406224	2
535567465	2
535729710	2
535891948	2
536054175	2
536215295	2
536377524	2
536540870	2
536707674	2
536869897	2
537033226	2
537196571	2
537376209	2
537572057	2
537758780	2
537954531	2
538149494	2
538345369	2
538541210	2
538713954	2
538896048	2
539069045	2
539264937	2
539437852	2
539615567	2
539793151	2
539970722	2
540143673	2
540321249	2
540489689	2
540662613	2
540844767	2
541031503	2
541199879	2
541392008	2
541551986	2
541713078	2
541873249	2
542034344	2
542193234	2
542354804	2
542514802	2
542676998	2
542837047	2
543001549	2
543161608	2
543323819	2
543485065	2
543647258	2
543807242	2
543969434	2
544129424	2
544290593	2
544451759	2
544615056	2
544775104	2
544936258	2
545096239	2
545258445	2
545452639	2
545648473	2
545835135	2
546008127	2
546190205	2
546358581	2
546535967	2
546709030	2
546877448	2
547059608	2
547232631	2
547405621	2
547583221	2
547760803	2
547942952	2
548115970	2
548293556	2
548480291	2
548657860	2
548835456	2
549017620	2
549199893	2
549387543	2
549569485	2
549751574	2
549919963	2
550102052	2
550279564	2
550457165	2
550639325	2
550812301	2
550981615	2
551154536	2
551333000	2
551506860	2
551684368	2
551853674	2
552027539	2
552196956	2
552379032	2
552548346	2
552722201	2
552895156	2
553073600	2
553247462	2
553439873	2
553635539	2
553831251	2
554026766	2
554218004	2
554413827	2
554609527	2
554805304	2
555001050	2
555196845	2
555392639	2
555588411	2
555779645	2
555975515	2
556171312	2
556367056	2
556562796	2
556758554	2
556954314	2
557150054	2
557347015	2
557542682	2
557738376	2
557934091	2
558129836	2
558325470	2
558516529	2
558712354	2
558908108	2
559103879	2
559299496	2
559495152	2
559690834	2
559886542	2
560082373	2
560278085	2
560469218	2
560664935	2
560856044	2
561051773	2
561247393	2
561444223	2
561640020	2
561835657	2
562026785	2
562222537	2
562418272	2
562613961	2
562805096	2
563000802	2
563196673	2
563392468	2
563588211	2
563783881	2
563979611	2
564175332	2
564370960	2
564566776	2
564762575	2
564958187	2
565149385	2
565346286	2
565542125	2
565737782	2
565933520	2
566129238	2
566324933	2
566520588	2
566711964	2
566907640	2
567103402	2
567299194	2
567494966	2
567690573	2
567886337	2
568082057	2
568277766	2
568473515	2
568669425	2
568865139	2
569060805	2
569256526	2
569448644	2
569626160	2
569803682	2
569972035	2
570154202	2
570327162	2
570504666	2
570682194	2
570859901	2
571032893	2
571210489	2
571388078	2
571561071	2
571734096	2
571916250	2
572089363	2
572266960	2
572440064	2
572622225	2
572804393	2
572977398	2
573154974	2
573342711	2
573538469	2
573734282	2
573929920	2
574121155	2
574316897	2
574507982	2
574703682	2
574894843	2
575090616	2
575286300	2
575482102	2
575673311	2
575869053	2
576064689	2
576260568	2
576451778	2
576647457	2
576843197	2
577038990	2
577230205	2
577427300	2
577622948	2
577818699	2
578014356	2
578210217	2
578404440	3
578572813	3
578759484	3
578927859	3
579109958	3
579287458	3
579464933	3
579637847	3
579819931	3
579988307	3
580165819	3
580338755	3
580516292	3
580693796	3
580880401	3
581053355	3
581235450	3
581422783	3
581599957	3
581772910	3
581955009	3
582132511	3
582306548	3
582484076	3
582666161	3
582839095	3
583012033	3
583189527	3
583362485	3
583544569	3
583722001	3
583899527	3
584072463	3
584245390	3
584418339	3
584600414	3
584782503	3
584973588	3
585168512	3
585366817	3
585562409	3
585716720	3
585907830	3
586098986	3
586294711	3
586490426	3
586686085	3
586881622	3
587072658	3
587268308	3
587459384	3
587655050	3
587850700	3
588046304	3
588241947	3
588433057	3
588628613	3
588824272	3
589015372	3
589211005	3
589409376	3
589599458	3
589788894	3
589966176	3
590148273	3
590321217	3
590494163	3
590671695	3
590844606	3
591017567	3
591190489	3
591364443	3
591537350	3
591719432	3
591892383	3
592069867	3
592238235	3
592415738	3
592593223	3
592775314	3
592943669	3
593125735	3
593304734	3
593491316	3
593664257	3
593841774	3
594014729	3
594192973	3
594361355	3
594543424	3
594716336	3
594893836	3
595066760	3
595244258	3
595412619	3
595585543	3
595753873	3
595926827	3
596099731	3
596272657	3
596445612	3
596618530	3
596786865	3
596959758	3
597132667	3
597305840	3
597487822	3
597665900	3
597838798	3
598025473	3
598193856	3
598371331	3
598548102	3
598721012	3
598895060	3
599072569	3
599250053	3
599427573	3
599600503	3
599778016	3
599960635	3
600152407	3
600330008	3
600512042	3
600689579	3
600867102	3
601044621	3
601222068	3
601414041	3
601586972	3
601769053	3
601941981	3
602124067	3
602292445	3
602469915	3
602642870	3
602812214	3
602986218	3
603163720	3
603336663	3
603514184	3
603696266	3
603869227	3
604051326	3
604224251	3
604401738	3
604574687	3
604752187	3
604925113	3
605098035	3
605270928	3
605467066	3
605653298	3
605826248	3
606008340	3
606176697	3
606354210	3
606522557	3
606704654	3
606887750	3
607060644	3
607238173	3
607411087	3
607593062	3
607770588	3
607948097	3
608121026	3
608303119	3
608476047	3
608653556	3
608835653	3
609017747	3
609195248	3
609391609	3
609586237	3
609766473	3
609941990	3
610154185	3
610350703	3
610523602	3
610705708	3
610878589	3
611060671	3
611233626	3
611406542	3
611583912	3
611756843	3
611934356	3
612102725	3
612280233	3
612462238	3
612630598	3
612803549	3
612976406	3
613144627	3
613332443	3
613528117	3
613723874	3
613919510	3
614110657	3
614306297	3
614501972	3
614693121	3
614888783	3
615084483	3
615280114	3
615475797	3
615671454	3
615867160	3
616062793	3
616258470	3
616454090	3
616649760	3
616845428	3
617041152	3
617236770	3
617438272	3
617648705	3
617839860	3
618035461	3
618231197	3
618426820	3
618622560	3
618818142	3
619013831	3
619209569	3
619405213	3
619600871	3
619796571	3
619992235	3
620183368	3
620379017	3
620570842	3
620766573	3
620962217	3
621154062	3
621350763	3
621523688	3
621696594	3
621869518	3
622047044	3
622229126	3
622406611	3
622579566	3
622761653	3
622958068	3
623140180	3
623317669	3
623490622	3
623672721	3
623841063	3
624027723	3
624200666	3
624382752	3
624555701	3
624728648	3
624910734	3
625083692	3
625265731	3
625439444	3
625621544	3
625794519	3
625971987	3
626144978	3
626317873	3
626490824	3
626672911	3
626841259	3
627023358	3
627196291	3
627373791	3
627546744	3
627724235	3
627892612	3
628074596	3
628242914	3
628420434	3
628602514	3
628780013	3
628948387	3
629125881	3
629299607	3
629481689	3
629659195	3
629836627	3
630018728	3
630196237	3
630373728	3
630546657	3
630724119	3
630901440	3
631083504	3
631260935	3
631456528	3
631647154	3
631842872	3
632034107	3
632197621	3
632375081	3
632561684	3
632757503	3
632935017	3
633112488	3
633292655	3
633488420	3
633684084	3
633875219	3
634070878	3
634261958	3
634457610	3
634653314	3
634848933	3
635044595	3
635240248	3
635426800	3
635622470	3
635818121	3
636013821	3
636202213	3
636379723	3
636561819	3
636743910	3
636926016	3
637103529	3
637281040	3
637478796	3
637674540	3
637852055	3
638034147	3
638216146	3
638393669	3
638571057	3
638743990	3
638921516	3
639094386	3
639267325	3
639454078	3
639627006	3
639795388	3
639972861	3
640150384	3
640327911	3
640496262	3
640682930	3
640860429	3
641033336	3
641206263	3
641389203	3
641584860	3
641780569	3
641976263	3
642171959	3
642367633	3
642563236	3
642758929	3
642954582	3
643150251	3
643345983	3
643541610	3
643732787	3
643928433	3
644119565	3
644315242	3
644506418	3
644702043	3
644893183	3
645088819	3
645284519	3
645472069	3
645645038	3
645822520	3
645995461	3
646168348	3
646336800	3
646518579	3
646682439	3
646851800	3
647024738	3
647206838	3
647384343	3
647561828	3
647734771	3
647916792	3
648085155	3
648267247	3
648444746	3
648622255	3
648795207	3
648977286	3
649145654	3
649328788	3
649524214	3
649719892	3
649915554	3
650111284	3
650306879	3
650502557	3
650698288	3
650893943	3
651089609	3
651285255	3
651480918	3
651676632	3
651872334	3
652067984	3
652263668	3
652459318	3
652654954	3
652850671	3
653046400	3
653242042	3
653440501	3
653618784	3
653791682	3
653978210	3
654151152	3
654328636	3
654496984	3
654674509	3
654847432	3
655020391	3
655202484	3
655379925	3
655552870	3
655730381	3
655907874	3
656080824	3
656253745	3
656426692	3
656595031	3
656767987	3
656940902	3
657109275	3
657286767	3
657479776	3
657675434	3
657871077	3
658066761	3
658262468	3
658458153	3
658653768	3
658849452	3
659045184	3
659240794	3
659436404	3
659631966	3
659827624	3
660023318	3
660218955	3
660414644	3
660605856	3
660801539	3
660997242	3
661192958	3
661389679	3
661585491	3
661758429	3
661935951	3
662108872	3
662281751	3
662454644	3
662627563	3
662809594	3
662982541	3
663159714	3
663332692	3
663510203	3
663687706	3
663869802	3
664047330	3
664233994	3
664416078	3
664593583	3
664771114	3
664948627	3
665121578	3
665309080	3
665504778	3
665700379	3
665896034	3
666091709	3
666287432	3
666483163	3
666678846	3
666874473	3
667070168	3
667265900	3
667461646	3
667657284	3
667853045	3
668044220	3
668239899	3
668435567	3
668631217	3
668826948	3
669022557	3
669218227	3
669414840	3
669592266	3
669769752	3
669951841	3
670124760	3
670297716	3
670479804	3
670661882	3
670839371	3
671016883	3
671194368	3
671367315	3
671549413	3
671731502	3
671909003	3
672086529	3
672264072	3
672441570	3
672628236	3
672805760	3
672987857	3
673165365	3
673354073	3
673546439	3
673740212	3
673933252	3
674127021	3
674319427	3
674511801	3
674703980	3
674896341	3
675088732	3
675282472	3
675470930	3
675658746	3
675852532	3
676041033	3
676233447	3
676427191	3
676619514	3
676811886	3
677005615	3
677198026	3
677389583	3
677585413	3
677781220	3
677977051	3
678172853	3
678368653	3
678564460	3
678760285	3
678956104	3
679124304	3
679320125	3
679515939	3
679711455	3
679888623	3
680084434	3
680280229	3
680475978	3
680671804	3
680867604	3
681063405	3
681259226	3
681455969	3
681647175	3
681838271	3
682033941	3
682229567	3
682420707	3
682616355	3
682812024	3
683007608	3
683203303	3
683398908	3
683594544	3
683790169	3
683986774	3
684182363	3
684378112	3
684573765	3
684769221	3
684960262	3
685155878	3
685351943	3
685547676	3
685743317	3
685938990	3
686134648	3
686330370	3
686526041	3
686721718	3
686912991	3
687108683	3
687304360	3
687499991	3
687695647	3
687891373	3
688087047	3
688282682	3
688478374	3
688674024	3
688869626	3
689065298	3
689261027	3
689447602	3
689625114	3
689793500	3
689971003	3
690143958	3
690312262	3
690485263	3
690662766	3
690831143	3
691013232	3
691186156	3
691359113	3
691536612	3
691709534	3
691887047	3
692059974	3
692237484	3
692410406	3
692587905	3
692756266	3
692929213	3
693111309	3
693294148	3
693489866	3
693685501	3
693876615	3
694072344	3
694268001	3
694463633	3
694659278	3
694854942	3
695050558	3
695246228	3
695441910	3
695632919	3
695828614	3
696024257	3
696219948	3
696415607	3
696611265	3
696806938	3
697002650	3
697198279	3
697395167	3
697568098	3
697745615	3
697927722	3
698100648	3
698278127	3
698460224	3
698633125	3
698805767	3
698983280	3
699160779	3
699338301	3
699515829	3
699688749	3
699866280	3
700034633	3
700203049	3
700389717	3
700571802	3
700740154	3
700913085	3
701090601	3
701272680	3
701469367	3
701664988	3
701860689	3
702056282	3
702251994	3
702447650	3
702643376	3
702838972	3
703034617	3
703230283	3
703425938	3
703621545	3
703817227	3
704012893	3
704208512	3
704404150	3
704599790	3
704795454	3
704991100	3
705186683	3
705382925	3
705569480	3
705737865	3
705915380	3
706083755	3
706256685	3
706425060	3
706607154	3
706784652	3
706957593	3
707139685	3
707321764	3
707494653	3
707667601	3
707849674	3
708036329	3
708213827	3
708391345	3
708564257	3
708737192	3
708923854	3
709105939	3
709284293	3
709458527	3
709637669	3
709833472	3
710029266	3
710220622	3
710416405	3
710612124	3
710807775	3
711003382	3
711199108	3
711394715	3
711590273	3
711785876	3
711981530	3
712177065	3
712372681	3
712563576	3
712759226	3
712954830	3
713145689	3
713341733	3
713537528	3
713733261	3
713928934	3
714121040	3
714316733	3
714512429	3
714708135	3
714903757	3
715099309	3
715294874	3
715490423	3
715686076	3
715881630	3
716077227	3
716272906	3
716468589	3
716664277	3
716859978	3
717055682	3
717251351	3
717447785	3
717643527	3
717839156	3
718034833	3
718229863	3
718425616	3
718621260	3
718816901	3
719012553	3
719208259	3
719399255	3
719590318	3
719781350	3
719972387	3
720163392	3
720354503	3
720550119	3
720741183	3
720932212	3
721127902	3
721325380	3
721511911	3
721684849	3
721866966	3
722039900	3
722217290	3
722390249	3
722567743	3
722736121	3
722918189	3
723091108	3
723264063	3
723436961	3
723619059	3
723792003	3
723969506	3
724134322	3
724311828	3
724485802	3
724667888	3
724840817	3
725018348	3
725183140	3
725370456	3
725547993	3
725730050	3
725907558	3
726080519	3
726267191	3
726444696	3
726617644	3
726799724	3
726986374	3
727177388	3
727367834	3
727559049	3
727750160	3
727927533	3
728100485	3
728277997	3
728469314	3
728642272	3
728815196	3
728992804	3
729161244	3
729355717	3
729528661	3
729701621	3
729874544	3
730047505	3
730225009	3
730397963	3
730575478	3
730743792	3
730930462	3
731103404	3
731276306	3
731449295	3
731631345	3
731799724	3
731977158	3
732150027	3
732332060	3
732504914	3
732682362	3
732855242	3
733037251	3
733210129	3
733401791	3
733592801	3
733765758	3
733938675	3
734107055	3
734279981	3
734448358	3
734621283	3
734794233	3
734962579	3
735140040	3
735312954	3
735485901	3
735672559	3
735850052	3
736027559	3
736200503	3
736382576	3
736555512	3
736733025	3
736901368	3
737078897	3
737260983	3
737447602	3
737608691	3
737769788	3
737934303	3
738094240	3
738249782	3
738410875	3
738574343	3
738736545	3
738899835	3
739063126	3
739228791	3
739390939	3
739554227	3
739718616	3
739881904	3
740044110	3
740206307	3
740368494	3
740534139	3
740695236	3
740856337	3
741019638	3
741182909	3
741359326	3
741554901	3
741728595	3
741890821	3
742054096	3
742217375	3
742379570	3
742541773	3
742705042	3
742867231	3
743027133	3
743192710	3
743352704	3
743513724	3
743672532	3
743838173	3
743999258	3
744160348	3
744323661	3
744485845	3
744648028	3
744809046	3
744971231	3
745136834	3
745306234	3
745483032	3
745654343	3
745829149	3
746003905	3
746185601	3
746353478	3
746520226	3
746701906	3
746868621	3
747036370	3
747206394	3
747374132	3
747544395	3
747715637	3
747881321	3
748049090	3
748219253	3
748387024	3
748557024	3
748724819	3
748899615	3
749070924	3
749241133	3
749431507	3
749627188	3
749818856	3
750014541	3
750210257	3
750405897	3
750601541	3
750793362	3
750988967	3
751184661	3
751375819	3
751562433	3
751758124	3
751953784	3
752149460	3
752345100	3
752540828	3
752736453	3
752932129	3
753127839	3
753324251	3
753520046	3
753715661	3
753911368	3
754103189	3
754298843	3
754489906	3
754685598	3
754877418	3
755073149	3
755268805	3
755464512	3
755660159	3
755855878	3
756051537	3
756242808	3
756438407	3
756629595	3
756825242	3
757020910	3
757216531	3
757412503	3
757608207	3
757803860	3
757999422	3
758195114	3
758390563	3
758586274	3
758781935	3
758977622	3
759173315	3
759368921	3
759564573	3
759760264	3
759955949	3
760151617	3
760347291	3
760542974	3
760738656	3
760934258	3
761129897	3
761326765	3
761522446	3
761690960	3
761873633	3
